1.3 2.0 1 1 50
1.3 11.25 1 1 60
1.3 10.75 -1 1 50
-1.3 11.25 1 1 50
-0.0 11.25 -1 1 50
-1.3 10.75 1 1 50
-1.3 11.25 -1 1 50
-1.3 2.0 1 1 60
-1.3 2.5 -1 1 50

0.9 2.0 1 1 50
-0.0 2.5 -1 1 50
0.9 11.25 1 1 60
0.9 10.75 -1 1 50
-0.9 11.25 1 1 50
-0.0 11.25 -1 1 50
-0.9 10.75 1 1 50
-0.9 11.25 -1 1 50
-0.9 2.0 1 1 60
-0.9 2.5 -1 1 50

0.3 2.0 1 1 50
-0.3 2.0 -1 1 50
0.3 2.5 1 1 50
0.3 2.0 -1 1 50
0.3 11.25 1 1 60
0.3 10.75 -1 1 50
-0.3 11.25 1 1 50
0.3 11.25 -1 1 50
-0.3 10.75 1 1 50
-0.3 11.25 -1 1 50
-0.3 2.0 1 1 60
-0.3 2.5 -1 1 50

1.3 10.75 -1 1 50
-1.3 11.25 1 1 50
-0.0 11.25 -1 1 50
-1.3 10.75 1 1 50
-1.3 11.25 -1 1 50
-1.3 2.0 1 1 60
-1.3 2.5 -1 1 50

0.9 2.0 1 1 50
-0.0 2.5 -1 1 50
0.9 11.25 1 1 60
0.9 10.75 -1 1 50
-0.9 11.25 1 1 50
-0.0 11.25 -1 1 50
-0.9 10.75 1 1 50
-0.9 11.25 -1 1 50
-0.9 2.0 1 1 60
-0.9 2.5 -1 1 50

1.3 10.75 -1 1 50
-1.3 11.25 1 1 50
-0.0 11.25 -1 1 50
-1.3 10.75 1 1 50
-1.3 11.25 -1 1 50
-1.3 2.0 1 1 60
-1.3 2.5 -1 1 50

0.0 0.0 1 1 50